   2.0000000e+00   9.0000000e+00   0.0000000e+00
   4.0000000e+00   1.0000000e+01   0.0000000e+00
   3.0000000e+00   1.5000000e+01   2.9821537e-02
   8.0000000e+00   1.2000000e+01   5.3742691e-02
   1.4000000e+01   2.0000000e+01   9.5584080e-02
   6.0000000e+00   1.9000000e+01   9.6120374e-02
   1.6000000e+01   1.7000000e+01   1.2178729e-01
   1.1000000e+01   2.3000000e+01   1.7209924e-01
   7.0000000e+00   2.1000000e+01   2.0010971e-01
   5.0000000e+00   1.8000000e+01   2.2323053e-01
   1.0000000e+00   2.2000000e+01   2.3796466e-01
   1.3000000e+01   2.7000000e+01   3.5310293e-01
   2.8000000e+01   2.9000000e+01   3.8602949e-01
   2.4000000e+01   2.5000000e+01   4.3047039e-01
   2.6000000e+01   3.1000000e+01   5.7492056e-01
   3.0000000e+01   3.2000000e+01   8.5775901e-01
